00000000
00111000
01000100
01000000
00100000
00010000
00000000
00010000
00000000
00000000
00000000
00010000
00101000
00000000
00111000
01000100
01111100
01000100
00000000
00000000
00000000
00001000
00010000
00111100
00100000
00110000
00100000
00111100
00000000
00000000
00000000
00001000
00010100
00010000
00111000
00010000
00100100
00111100
00000000
00000000
00000000
00010000
00101000
00110100
01001100
01000100
01001100
00110100
00000000
00000000
00000000
00111000
01000100
01000000
01000000
01000000
01000100
00111000
00010000
00100000
00000000
00101000
00000000
00111100
00100000
00110000
00100000
00111100
00000000
00000000
00000000
00100000
00011000
00000000
00111000
01000100
01111100
01000100
00000000
00000000
00000000
00100000
00011000
00000000
01000100
01000100
01000100
00111000
00000000
00000000
00000000
00010000
00001000
00111100
00100000
00110000
00100000
00111100
00000000
00000000
00000000
00111100
01010000
01010000
01011000
01010000
01010000
00111100
00000000
00000000
00000000
00001000
00010100
00111100
00100000
00110000
00100000
00111100
00000000
00000000
00000000
00000000
00010000
00100000
01111111
00100000
00010000
00000000
00000000
00000000
00000000
00010000
00101000
00000000
00110000
00010000
00010000
00111000
00000000
00000000
00000000
00000000
00010000
00001000
11111100
00001000
00010000
00000000
00000000
00000000
00010000
00010000
00010000
00010000
00010000
00010000
01010100
00111000
00010000
00000000
00000000
00011000
00100100
00011000
00000000
00000000
00000000
00000000
00000000
00000000
00000000
00010000
00010000
01111100
00010000
00010000
00000000
01111100
00000000
00000000
00000000
00001000
00010000
00111000
01000100
01111100
01000000
00111000
00000000
00000000
00000000
00101000
00000000
00111000
01000100
01111100
01000000
00111000
00000000
00000000
00000000
00101000
00000000
00110000
00010000
00010000
00010000
00111000
00000000
00000000
00000000
00000000
00000000
00111000
01000000
01000000
01000000
00111000
00010000
00100000
00000000
00010000
00101000
00000000
01000100
01000100
01001100
00110100
00000000
00000000
00000000
00100000
00010000
00110100
01001100
01000100
01001100
00110100
00000000
00000000
00000000
00000000
00010000
00000000
01111100
00000000
00010000
00000000
00000000
00000000
00000000
00100000
00010000
00111000
01000100
01111100
01000000
00111000
00000000
00000000
00000000
00000000
00000000
00111100
01010010
01011110
01010000
00111110
00000000
00000000
00000000
00010000
00101000
00111000
01000100
01111100
01000000
00111000
00000000
00000000
00000000
01000000
11000000
01000000
01000100
01001100
00010100
00111110
00000100
00000000
00000000
01000000
11000000
01000000
01001100
01010010
00000100
00001000
00011110
00000000
00000000
11100000
00100000
01000000
00100100
11001100
00010100
00111110
00000100
00000000
00000000
00010000
00101000
00000000
00111000
01000100
01000100
00111000
00000000
00000000
00000000
00000000
00000000
00000000
00000000
00000000
00000000
00000000
00000000
00000000
00000000
00010000
00010000
00010000
00010000
00010000
00000000
00010000
00000000
00000000
00000000
00101000
00101000
00101000
00000000
00000000
00000000
00000000
00000000
00000000
00000000
00101000
00101000
01111100
00101000
01111100
00101000
00101000
00000000
00000000
00000000
00010000
00111000
01010000
00111000
00010100
01010100
00111000
00010000
00000000
00000000
01100000
01100100
00001000
00010000
00100000
01001100
00001100
00000000
00000000
00000000
00100000
01010000
01010000
00100000
01010100
01001000
00110100
00000000
00000000
00000000
00010000
00010000
00100000
00000000
00000000
00000000
00000000
00000000
00000000
00000000
00001000
00010000
00100000
00100000
00100000
00010000
00001000
00000000
00000000
00000000
00100000
00010000
00001000
00001000
00001000
00010000
00100000
00000000
00000000
00000000
00010000
01010100
00111000
00010000
00111000
01010100
00010000
00000000
00000000
00000000
00000000
00010000
00010000
01111100
00010000
00010000
00000000
00000000
00000000
00000000
00000000
00000000
00000000
00000000
00000000
00100000
00100000
01000000
00000000
00000000
00000000
00000000
00000000
00000000
00111100
00000000
00000000
00000000
00000000
00000000
00000000
00000000
00000000
00000000
00000000
00000000
00100000
00000000
00000000
00000001
00000010
00000010
00000100
00001000
00010000
00100000
00100000
01000000
10000000
00000000
00010000
00101000
01000100
01000100
01000100
00101000
00010000
00000000
00000000
00000000
00010000
00110000
00010000
00010000
00010000
00010000
00010000
00000000
00000000
00000000
00111000
01000100
00000100
00011000
00100000
01000000
01111100
00000000
00000000
00000000
01111100
00000100
00001000
00011000
00000100
01000100
00111000
00000000
00000000
00000000
00001000
00011000
00101000
01001000
01111100
00001000
00001000
00000000
00000000
00000000
01111100
01000000
01111000
00000100
00000100
01000100
00111000
00000000
00000000
00000000
00011000
00100000
01000000
01111000
01000100
01000100
00111000
00000000
00000000
00000000
01111100
00000100
00001000
00010000
00100000
00100000
00100000
00000000
00000000
00000000
00111000
01000100
01000100
00111000
01000100
01000100
00111000
00000000
00000000
00000000
00111000
01000100
01000100
00111100
00000100
00000100
00111000
00000000
00000000
00000000
00000000
00000000
00100000
00000000
00000000
00000000
00100000
00000000
00000000
00000000
00000000
00000000
00100000
00000000
00000000
00100000
00100000
01000000
00000000
00000000
00000100
00001000
00010000
00100000
00010000
00001000
00000100
00000000
00000000
00000000
00000000
00000000
01111100
00000000
01111100
00000000
00000000
00000000
00000000
00000000
01000000
00100000
00010000
00001000
00010000
00100000
01000000
00000000
00000000
00000000
00111000
01000100
00000100
00001000
00010000
00000000
00010000
00000000
00000000
00000000
00111000
01000100
01011100
01010100
01011100
01000000
00111000
00000000
00000000
00000000
00111000
01000100
01000100
01000100
01111100
01000100
01000100
00000000
00000000
00000000
01111000
01000100
01000100
01111000
01000100
01000100
01111000
00000000
00000000
00000000
00111000
01000100
01000000
01000000
01000000
01000100
00111000
00000000
00000000
00000000
01111000
01000100
01000100
01000100
01000100
01000100
01111000
00000000
00000000
00000000
01111100
01000000
01000000
01110000
01000000
01000000
01111100
00000000
00000000
00000000
01111100
01000000
01000000
01110000
01000000
01000000
01000000
00000000
00000000
00000000
00111000
01000100
01000000
01000000
01001100
01000100
00111100
00000000
00000000
00000000
01000100
01000100
01000100
01111100
01000100
01000100
01000100
00000000
00000000
00000000
00111000
00010000
00010000
00010000
00010000
00010000
00111000
00000000
00000000
00000000
00011100
00001000
00001000
00001000
00001000
01001000
00110000
00000000
00000000
00000000
01000100
01001000
01010000
01100000
01010000
01001000
01000100
00000000
00000000
00000000
01000000
01000000
01000000
01000000
01000000
01000000
01111100
00000000
00000000
00000000
01000100
01101100
01010100
01000100
01000100
01000100
01000100
00000000
00000000
00000000
01000100
01000100
01100100
01010100
01001100
01000100
01000100
00000000
00000000
00000000
00111000
01000100
01000100
01000100
01000100
01000100
00111000
00000000
00000000
00000000
01111000
01000100
01000100
01111000
01000000
01000000
01000000
00000000
00000000
00000000
00111000
01000100
01000100
01000100
01010100
01001000
00110100
00000000
00000000
00000000
01111000
01000100
01000100
01111000
01010000
01001000
01000100
00000000
00000000
00000000
00111000
01000100
01000000
00111000
00000100
01000100
00111000
00000000
00000000
00000000
01111100
00010000
00010000
00010000
00010000
00010000
00010000
00000000
00000000
00000000
01000100
01000100
01000100
01000100
01000100
01000100
00111000
00000000
00000000
00000000
01000100
01000100
01000100
00101000
00101000
00010000
00010000
00000000
00000000
00000000
01000100
01000100
01000100
01010100
01010100
01010100
00101000
00000000
00000000
00000000
01000100
01000100
00101000
00010000
00101000
01000100
01000100
00000000
00000000
00000000
01000100
01000100
00101000
00010000
00010000
00010000
00010000
00000000
00000000
00000000
01111100
00000100
00001000
00010000
00100000
01000000
01111100
00000000
00000000
00000000
00011100
00010000
00010000
00010000
00010000
00010000
00011100
00000000
00000000
10000000
01000000
01000000
00100000
00010000
00001000
00000100
00000100
00000010
00000001
00000000
00111000
00001000
00001000
00001000
00001000
00001000
00111000
00000000
00000000
00000000
00010000
00111000
01010100
00010000
00010000
00010000
00010000
00010000
00010000
00000000
00000000
00000000
00000000
00000000
00000000
00000000
00000000
00000000
11111111
00000000
00000000
00000000
00000000
11111111
00000000
00000000
00000000
00000000
00000000
00000000
00000000
00000000
00110100
01001100
01000100
01001100
00110100
00000000
00000000
00000000
01000000
01000000
01111000
01000100
01000100
01000100
01111000
00000000
00000000
00000000
00000000
00000000
00111000
01000000
01000000
01000000
00111000
00000000
00000000
00000000
00000100
00000100
00111100
01000100
01000100
01000100
00111100
00000000
00000000
00000000
00000000
00000000
00111000
01000100
01111100
01000000
00111000
00000000
00000000
00000000
00011000
00100100
00100000
01110000
00100000
00100000
00100000
00000000
00000000
00000000
00000000
00000000
00111100
01000100
01000100
00111100
00000100
00100100
00011000
00000000
01000000
01000000
01011000
01100100
01000100
01000100
01000100
00000000
00000000
00000000
00010000
00000000
00110000
00010000
00010000
00010000
00111000
00000000
00000000
00000000
00001000
00000000
00011000
00001000
00001000
00001000
00001000
01001000
00110000
00000000
00100000
00100000
00100100
00101000
00110000
00101000
00100100
00000000
00000000
00000000
00110000
00010000
00010000
00010000
00010000
00010000
00111000
00000000
00000000
00000000
00000000
00000000
01101000
01010100
01010100
01010100
01010100
00000000
00000000
00000000
00000000
00000000
01011000
01100100
01000100
01000100
01000100
00000000
00000000
00000000
00000000
00000000
00111000
01000100
01000100
01000100
00111000
00000000
00000000
00000000
00000000
00000000
01111000
01000100
01000100
01000100
01111000
01000000
01000000
00000000
00000000
00000000
00111100
01000100
01000100
01000100
00111100
00000100
00000100
00000000
00000000
00000000
01011000
01100100
01000000
01000000
01000000
00000000
00000000
00000000
00000000
00000000
00111000
01000000
00111000
00000100
01111000
00000000
00000000
00000000
00100000
00100000
00111000
00100000
00100000
00100000
00011000
00000000
00000000
00000000
00000000
00000000
01000100
01000100
01000100
01001100
00110100
00000000
00000000
00000000
00000000
00000000
01000100
01000100
00101000
00101000
00010000
00000000
00000000
00000000
00000000
00000000
01000100
01000100
01010100
01010100
00101000
00000000
00000000
00000000
00000000
00000000
01000100
00101000
00010000
00101000
01000100
00000000
00000000
00000000
00000000
00000000
01000100
01000100
01001100
00110100
00000100
01000100
00111000
00000000
00000000
00000000
01111100
00001000
00010000
00100000
01111100
00000000
00000000
10000000
10000000
10000000
10000000
10000000
10000000
10000000
10000000
10000000
10000000
00010000
00010000
00010000
00010000
00010000
00010000
00010000
00010000
00010000
00010000
00000001
00000001
00000001
00000001
00000001
00000001
00000001
00000001
00000001
00000001
11111111
00000000
00000000
00000000
00000000
00000000
00000000
00000000
00000000
00000000
11111111
11111111
11111111
11111111
11111111
11111111
11111111
11111111
11111111
11111111
