00000000000000000001000000000000000100000010000001000000010001000011100000000000
00000000000000000100010001111100010001000011100000000000001010000001000000000000
00000000000000000011110000100000001100000010000000111100000100000000100000000000
00000000000000000011110000100100000100000011100000010000000101000000100000000000
00000000000000000011010001001100010001000100110000110100001010000001000000000000
00100000000100000011100001000100010000000100000001000000010001000011100000000000
00000000000000000011110000100000001100000010000000111100000000000010100000000000
00000000000000000100010001111100010001000011100000000000000110000010000000000000
00000000000000000011100001000100010001000100010000000000000110000010000000000000
00000000000000000011110000100000001100000010000000111100000010000001000000000000
00000000000000000011110001010000010100000101100001010000010100000011110000000000
00000000000000000011110000100000001100000010000000111100000101000000100000000000
00000000000000000001100000100100011100000010000001110000001001000001100000000000
00000000000000000011100000010000000100000011000000000000001010000001000000000000
00000000000000000011110001000010010110100101001001011010010000100011110000000000
00000000000000000011110001000010010100100101001001011010010000100011110000000000
00000000000000000000000000000000000000000000000000011000001001000001100000000000
00000000000000000111110000000000000100000001000001111100000100000001000000000000
00000000000000000011100001000000011111000100010000111000000100000000100000000000
00000000000000000011100001000000011111000100010000111000000000000010100000000000
00000000000000000011100000010000000100000001000000110000000000000010100000000000
00100000000100000011100001000000010000000100000000111000000000000000000000000000
00000000000000000011010001001100010001000100010000000000001010000001000000000000
00000000000000000011010001001100010001000100110000110100000100000010000000000000
00000000000000000000000000010000000000000111110000000000000100000000000000000000
00000000000000000011100001000000011111000100010000111000000100000010000000000000
00000000000000000011111001010000010111100101001000111100000000000000000000000000
00000000000000000011100001000000011111000100010000111000001010000001000000000000
00000000000001000011111000010100010011000100010001000000110000000100000000000000
00000000000111100000100000000100010100100100110001000000110000000100000000000000
00000000000001000011111000010100110011000010010001000000001000001110000000000000
00000000000000000011100001000100010001000011100000000000001010000001000000000000
00000000000000000000000000000000000000000000000000000000000000000000000000000000
00000000000000000001000000000000000100000001000000010000000100000001000000000000
00000000000000000000000000000000000000000000000000101000001010000010100000000000
00000000000000000010100000101000011111000010100001111100001010000010100000000000
00000000000100000011100001010100000101000011100001010000001110000001000000000000
00000000000000000000110001001100001000000001000000001000011001000110000000000000
00000000000000000011010001001000010101000010000001010000010100000010000000000000
00000000000000000000000000000000000000000000000000100000000100000001000000000000
00000000000000000000100000010000001000000010000000100000000100000000100000000000
00000000000000000010000000010000000010000000100000001000000100000010000000000000
00000000000000000001000001010100001110000001000000111000010101000001000000000000
00000000000000000000000000010000000100000111110000010000000100000000000000000000
00000000010000000010000000100000000000000000000000000000000000000000000000000000
00000000000000000000000000000000001111000000000000000000000000000000000000000000
00000000000000000010000000000000000000000000000000000000000000000000000000000000
10000000010000000010000000100000000100000000100000000100000000100000001000000001
00000000000000000001000000101000010001000100010001000100001010000001000000000000
00000000000000000001000000010000000100000001000000010000001100000001000000000000
00000000000000000111110001000000001000000001100000000100010001000011100000000000
00000000000000000011100001000100000001000001100000001000000001000111110000000000
00000000000000000000100000001000011111000100100000101000000110000000100000000000
00000000000000000011100001000100000001000000010001111000010000000111110000000000
00000000000000000011100001000100010001000111100001000000001000000001100000000000
00000000000000000010000000100000001000000001000000001000000001000111110000000000
00000000000000000011100001000100010001000011100001000100010001000011100000000000
00000000000000000011100000000100000001000011110001000100010001000011100000000000
00000000000000000010000000000000000000000000000000100000000000000000000000000000
00000000010000000010000000100000000000000000000000100000000000000000000000000000
00000000000000000000010000001000000100000010000000010000000010000000010000000000
00000000000000000000000000000000011111000000000001111100000000000000000000000000
00000000000000000100000000100000000100000000100000010000001000000100000000000000
00000000000000000001000000000000000100000000100000000100010001000011100000000000
00000000000000000011100001000000010111000101010001011100010001000011100000000000
00000000000000000100010001000100011111000100010001000100010001000011100000000000
00000000000000000111100001000100010001000111100001000100010001000111100000000000
00000000000000000011100001000100010000000100000001000000010001000011100000000000
00000000000000000111100001000100010001000100010001000100010001000111100000000000
00000000000000000111110001000000010000000111000001000000010000000111110000000000
00000000000000000100000001000000010000000111000001000000010000000111110000000000
00000000000000000011110001000100010011000100000001000000010001000011100000000000
00000000000000000100010001000100010001000111110001000100010001000100010000000000
00000000000000000011100000010000000100000001000000010000000100000011100000000000
00000000000000000011000001001000000010000000100000001000000010000001110000000000
00000000000000000100010001001000010100000110000001010000010010000100010000000000
00000000000000000111110001000000010000000100000001000000010000000100000000000000
00000000000000000100010001000100010001000100010001010100011011000100010000000000
00000000000000000100010001000100010011000101010001100100010001000100010000000000
00000000000000000011100001000100010001000100010001000100010001000011100000000000
00000000000000000100000001000000010000000111100001000100010001000111100000000000
00000000000000000011010001001000010101000100010001000100010001000011100000000000
00000000000000000100010001001000010100000111100001000100010001000111100000000000
00000000000000000011100001000100000001000011100001000000010001000011100000000000
00000000000000000001000000010000000100000001000000010000000100000111110000000000
00000000000000000011100001000100010001000100010001000100010001000100010000000000
00000000000000000001000000010000001010000010100001000100010001000100010000000000
00000000000000000010100001010100010101000101010001000100010001000100010000000000
00000000000000000100010001000100001010000001000000101000010001000100010000000000
00000000000000000001000000010000000100000001000000101000010001000100010000000000
00000000000000000111110001000000001000000001000000001000000001000111110000000000
00000000000000000001110000010000000100000001000000010000000100000001110000000000
00000001000000100000010000000100000010000001000000100000010000000100000010000000
00000000000000000011100000001000000010000000100000001000000010000011100000000000
00000000000000000000000000000000000000000000000001000100001010000001000000000000
00000000011111100000000000000000000000000000000000000000000000000000000000000000
00000000000000000000000000000000000000000000000000001000000100000001000000000000
00000000000000000011010001001100010001000100110000110100000000000000000000000000
00000000000000000111100001000100010001000100010001111000010000000100000000000000
00000000000000000011100001000000010000000100000000111000000000000000000000000000
00000000000000000011110001000100010001000100010000111100000001000000010000000000
00000000000000000011100001000000011111000100010000111000000000000000000000000000
00000000000000000010000000100000001000000111000000100000001001000001100000000000
00011000001001000000010000111100010001000100010000111100000000000000000000000000
00000000000000000100010001000100010001000110010001011000010000000100000000000000
00000000000000000011100000010000000100000001000000110000000000000001000000000000
00110000010010000000100000001000000010000000100000011000000000000000100000000000
00000000000000000010010000101000001100000010100000100100001000000010000000000000
00000000000000000011100000010000000100000001000000010000000100000011000000000000
00000000000000000101010001010100010101000101010001101000000000000000000000000000
00000000000000000100010001000100010001000110010001011000000000000000000000000000
00000000000000000011100001000100010001000100010000111000000000000000000000000000
01000000010000000111100001000100010001000100010001111000000000000000000000000000
00000100000001000011110001000100010001000100010000111100000000000000000000000000
00000000000000000100000001000000010000000110010001011000000000000000000000000000
00000000000000000111100000000100001110000100000000111000000000000000000000000000
00000000000000000001100000100000001000000010000000111000001000000010000000000000
00000000000000000011010001001100010001000100010001000100000000000000000000000000
00000000000000000001000000101000001010000100010001000100000000000000000000000000
00000000000000000010100001010100010101000100010001000100000000000000000000000000
00000000000000000100010000101000000100000010100001000100000000000000000000000000
00111000010001000000010000110100010011000100010001000100000000000000000000000000
00000000000000000111110000100000000100000000100001111100000000000000000000000000
00000000000000000000110000010000000100000010000000010000000100000000110000000000
00000000000100000001000000010000000000000000000000010000000100000001000000000000
00000000000000000011000000001000000010000000010000001000000010000011000000000000
00000000000000000000000000000000010011000011001000000000000000000000000000000000
00000000000000000000000000000000000000000000000000000000000000000000000000000000
00000000000000000000000000000000000000000000000000000000000000000000000000000000
00000000000000000000000000000000000000000000000000000000000000000111000001110000
00000000000000000000000000000000000000000000000000000000000000000000011100000111
00000000000000000000000000000000000000000000000000000000000000000111011101110111
00000000000000000000000000000000011100000111000001110000000000000000000000000000
00000000000000000000000000000000011100000111000001110000000000000111000001110000
00000000000000000000000000000000011100000111000001110000000000000000011100000111
00000000000000000000000000000000011100000111000001110000000000000111011101110111
00000000000000000000000000000000000001110000011100000111000000000000000000000000
00000000000000000000000000000000000001110000011100000111000000000111000001110000
00000000000000000000000000000000000001110000011100000111000000000000011100000111
00000000000000000000000000000000000001110000011100000111000000000111011101110111
00000000000000000000000000000000011101110111011101110111000000000000000000000000
00000000000000000000000000000000011101110111011101110111000000000111000001110000
00000000000000000000000000000000011101110111011101110111000000000000011100000111
00000000000000000000000000000000011101110111011101110111000000000111011101110111
00000000011100000111000000000000000000000000000000000000000000000000000000000000
00000000011100000111000000000000000000000000000000000000000000000111000001110000
00000000011100000111000000000000000000000000000000000000000000000000011100000111
00000000011100000111000000000000000000000000000000000000000000000111011101110111
00000000011100000111000000000000011100000111000001110000000000000000000000000000
00000000011100000111000000000000011100000111000001110000000000000111000001110000
00000000011100000111000000000000011100000111000001110000000000000000011100000111
00000000011100000111000000000000011100000111000001110000000000000111011101110111
00000000011100000111000000000000000001110000011100000111000000000000000000000000
00000000011100000111000000000000000001110000011100000111000000000111000001110000
00000000011100000111000000000000000001110000011100000111000000000000011100000111
00000000011100000111000000000000000001110000011100000111000000000111011101110111
00000000011100000111000000000000011101110111011101110111000000000000000000000000
00000000011100000111000000000000011101110111011101110111000000000111000001110000
00000000011100000111000000000000011101110111011101110111000000000000011100000111
00000000011100000111000000000000011101110111011101110111000000000111011101110111
00000000000001110000011100000000000000000000000000000000000000000000000000000000
00000000000001110000011100000000000000000000000000000000000000000111000001110000
00000000000001110000011100000000000000000000000000000000000000000000011100000111
00000000000001110000011100000000000000000000000000000000000000000111011101110111
00000000000001110000011100000000011100000111000001110000000000000000000000000000
00000000000001110000011100000000011100000111000001110000000000000111000001110000
00000000000001110000011100000000011100000111000001110000000000000000011100000111
00000000000001110000011100000000011100000111000001110000000000000111011101110111
00000000000001110000011100000000000001110000011100000111000000000000000000000000
00000000000001110000011100000000000001110000011100000111000000000111000001110000
00000000000001110000011100000000000001110000011100000111000000000000011100000111
00000000000001110000011100000000000001110000011100000111000000000111011101110111
00000000000001110000011100000000011101110111011101110111000000000000000000000000
00000000000001110000011100000000011101110111011101110111000000000111000001110000
00000000000001110000011100000000011101110111011101110111000000000000011100000111
00000000000001110000011100000000011101110111011101110111000000000111011101110111
00000000011101110111011100000000000000000000000000000000000000000000000000000000
00000000011101110111011100000000000000000000000000000000000000000111000001110000
00000000011101110111011100000000000000000000000000000000000000000000011100000111
00000000011101110111011100000000000000000000000000000000000000000111011101110111
00000000011101110111011100000000011100000111000001110000000000000000000000000000
00000000011101110111011100000000011100000111000001110000000000000111000001110000
00000000011101110111011100000000011100000111000001110000000000000000011100000111
00000000011101110111011100000000011100000111000001110000000000000111011101110111
00000000011101110111011100000000000001110000011100000111000000000000000000000000
00000000011101110111011100000000000001110000011100000111000000000111000001110000
00000000011101110111011100000000000001110000011100000111000000000000011100000111
00000000011101110111011100000000000001110000011100000111000000000111011101110111
00000000011101110111011100000000011101110111011101110111000000000000000000000000
00000000011101110111011100000000011101110111011101110111000000000111000001110000
00000000011101110111011100000000011101110111011101110111000000000000011100000111
00000000011101110111011100000000011101110111011101110111000000000111011101110111
00000000000000000000000000000000000000000000000000000000000000000000000000000000
00000000000000000000000000000000000000000000000000000000111100001111000011110000
00000000000000000000000000000000000000000000000000000000000011110000111100001111
00000000000000000000000000000000000000000000000000000000111111111111111111111111
00000000000000000000000011110000111100001111000011110000000000000000000000000000
00000000000000000000000011110000111100001111000011110000111100001111000011110000
00000000000000000000000011110000111100001111000011110000000011110000111100001111
00000000000000000000000011110000111100001111000011110000111111111111111111111111
00000000000000000000000000001111000011110000111100001111000000000000000000000000
00000000000000000000000000001111000011110000111100001111111100001111000011110000
00000000000000000000000000001111000011110000111100001111000011110000111100001111
00000000000000000000000000001111000011110000111100001111111111111111111111111111
00000000000000000000000011111111111111111111111111111111000000000000000000000000
00000000000000000000000011111111111111111111111111111111111100001111000011110000
00000000000000000000000011111111111111111111111111111111000011110000111100001111
00000000000000000000000011111111111111111111111111111111111111111111111111111111
11110000111100001111000000000000000000000000000000000000000000000000000000000000
11110000111100001111000000000000000000000000000000000000111100001111000011110000
11110000111100001111000000000000000000000000000000000000000011110000111100001111
11110000111100001111000000000000000000000000000000000000111111111111111111111111
11110000111100001111000011110000111100001111000011110000000000000000000000000000
11110000111100001111000011110000111100001111000011110000111100001111000011110000
11110000111100001111000011110000111100001111000011110000000011110000111100001111
11110000111100001111000011110000111100001111000011110000111111111111111111111111
11110000111100001111000000001111000011110000111100001111000000000000000000000000
11110000111100001111000000001111000011110000111100001111111100001111000011110000
11110000111100001111000000001111000011110000111100001111000011110000111100001111
11110000111100001111000000001111000011110000111100001111111111111111111111111111
11110000111100001111000011111111111111111111111111111111000000000000000000000000
11110000111100001111000011111111111111111111111111111111111100001111000011110000
11110000111100001111000011111111111111111111111111111111000011110000111100001111
11110000111100001111000011111111111111111111111111111111111111111111111111111111
00001111000011110000111100000000000000000000000000000000000000000000000000000000
00001111000011110000111100000000000000000000000000000000111100001111000011110000
00001111000011110000111100000000000000000000000000000000000011110000111100001111
00001111000011110000111100000000000000000000000000000000111111111111111111111111
00001111000011110000111111110000111100001111000011110000000000000000000000000000
00001111000011110000111111110000111100001111000011110000111100001111000011110000
00001111000011110000111111110000111100001111000011110000000011110000111100001111
00001111000011110000111111110000111100001111000011110000111111111111111111111111
00001111000011110000111100001111000011110000111100001111000000000000000000000000
00001111000011110000111100001111000011110000111100001111111100001111000011110000
00001111000011110000111100001111000011110000111100001111000011110000111100001111
00001111000011110000111100001111000011110000111100001111111111111111111111111111
00001111000011110000111111111111111111111111111111111111000000000000000000000000
00001111000011110000111111111111111111111111111111111111111100001111000011110000
00001111000011110000111111111111111111111111111111111111000011110000111100001111
00001111000011110000111111111111111111111111111111111111111111111111111111111111
11111111111111111111111100000000000000000000000000000000000000000000000000000000
11111111111111111111111100000000000000000000000000000000111100001111000011110000
11111111111111111111111100000000000000000000000000000000000011110000111100001111
11111111111111111111111100000000000000000000000000000000111111111111111111111111
11111111111111111111111111110000111100001111000011110000000000000000000000000000
11111111111111111111111111110000111100001111000011110000111100001111000011110000
11111111111111111111111111110000111100001111000011110000000011110000111100001111
11111111111111111111111111110000111100001111000011110000111111111111111111111111
11111111111111111111111100001111000011110000111100001111000000000000000000000000
11111111111111111111111100001111000011110000111100001111111100001111000011110000
11111111111111111111111100001111000011110000111100001111000011110000111100001111
11111111111111111111111100001111000011110000111100001111111111111111111111111111
11111111111111111111111111111111111111111111111111111111000000000000000000000000
11111111111111111111111111111111111111111111111111111111111100001111000011110000
11111111111111111111111111111111111111111111111111111111000011110000111100001111
11111111111111111111111111111111111111111111111111111111111111111111111111111111
00000000000000000111111101000000010000000100000001000000011111110000000000000000
00000000000000000111111101100000011000000110000001100000011111110000000000000000
00000000000000000111111101110000011100000111000001110000011111110000000000000000
00000000000000000111111101111000011110000111100001111000011111110000000000000000
00000000000000000111111101111100011111000111110001111100011111110000000000000000
00000000000000000111111101111110011111100111111001111110011111110000000000000000
00000000000000000111111101111111011111110111111101111111011111110000000000000000
00000000000000001111111100000000000000000000000000000000111111110000000000000000
00000000000000001111111110000000100000001000000010000000111111110000000000000000
00000000000000001111111111000000110000001100000011000000111111110000000000000000
00000000000000001111111111100000111000001110000011100000111111110000000000000000
00000000000000001111111111110000111100001111000011110000111111110000000000000000
00000000000000001111111111111000111110001111100011111000111111110000000000000000
00000000000000001111111111111100111111001111110011111100111111110000000000000000
00000000000000001111111111111110111111101111111011111110111111110000000000000000
00000000000000001111111111111111111111111111111111111111111111110000000000000000
00000000000000001111110000000100000001000000010000000100111111000000000000000000
00000000000000001111110010000100100001001000010010000100111111000000000000000000
00000000000000001111110011000100110001001100010011000100111111000000000000000000
00000000000000001111110011100100111001001110010011100100111111000000000000000000
00000000000000001111110011110100111101001111010011110100111111000000000000000000
00000000000000001111110011111100111111001111110011111100111111000000000000000000
00011000011111100011110000011000000000000000000000000000000000000000000000000000
00000000000000000100000001100000111100001111000001100000010000000000000000000000
00000000000000000000000000000000000000000000000000011000001111000111111000011000
00000000000000000000001000000110000011110000111100000110000000100000000000000000
00000000000000000010010001100110111111111111111101100110001001000000000000000000
00000000000110000011110001111110000110000001100001111110001111000001100000000000
11111111011111100111111000111100001111000001100000011000000000000000000000000000
10000000110000001110000011110000111110001111100011110000111000001100000010000000
00000000000000000000000000011000000110000011110000111100011111100111111011111111
00000001000000110000011100001111000111110001111100001111000001110000001100000001
00000000000000000000000000000000000110000001100000000000000000000000000000000000
00000000000000000000000000000000000110000001100000011000000110000001100000011000
00000000000000000000000000000000000111110001111100000000000000000000000000000000
00000000000000000000000000000000000111110001111100011000000110000001100000011000
00011000000110000001100000011000000110000001100000000000000000000000000000000000
00011000000110000001100000011000000110000001100000011000000110000001100000011000
00011000000110000001100000011000000111110001111100000000000000000000000000000000
00011000000110000001100000011000000111110001111100011000000110000001100000011000
00000000000000000000000000000000111110001111100000000000000000000000000000000000
00000000000000000000000000000000111110001111100000011000000110000001100000011000
00000000000000000000000000000000111111111111111100000000000000000000000000000000
00000000000000000000000000000000111111111111111100011000000110000001100000011000
00011000000110000001100000011000111110001111100000000000000000000000000000000000
00011000000110000001100000011000111110001111100000011000000110000001100000011000
00011000000110000001100000011000111111111111111100000000000000000000000000000000
00011000000110000001100000011000111111111111111100011000000110000001100000011000
00000000000000000000000000000000000000000000000000000000000000000000000000000000
00000000000000000000000000000000000000010000001100000110000001000000110000011000
00011000000011000000010000000110000000110000000100000000000000000000000000000000
00011000000011000000010000000110000000110000001100000110000001000000110000011000
00011000001100000010000001100000110000001000000000000000000000000000000000000000
00011000001100000010000001100000110000011000001100000110000001000000110000011000
00011000001111000010010001100110110000111000000100000000000000000000000000000000
00011000001111000010010001100110110000111000001100000110000001000000110000011000
00000000000000000000000000000000100000001100000001100000001000000011000000011000
00000000000000000000000000000000100000011100001101100110001001000011110000011000
00011000000011000000010000000110100000111100000101100000001000000011000000011000
00011000000011000000010000000110100000111100001101100110001001000011110000011000
00011000001100000010000001100000110000001100000001100000001000000011000000011000
00011000001100000010000001100000110000011100001101100110001001000011110000011000
00011000001111000010010001100110110000111100000101100000001000000011000000011000
00011000001111000010010001100110110000111100001101100110001001000011110000011000
00000000000000000000000000000000000000000000000000000000000000000000000000000000
00000000000000000100010001000100011111000100010000111000000000000000000000000000
00000000000000000111100001000100011110000100010001111000000000000000000000000000
00000000000000000011100001000100010000000100010000111000000000000000000000000000
00000000000000000111100001000100010001000100010001111000000000000000000000000000
00000000000000000111110001000000011110000100000001111100000000000000000000000000
00000000000000000100000001000000011110000100000001111100000000000000000000000000
00000000000000000011110001000100010011000100000000111000000000000000000000000000
00000000000000000100010001000100011111000100010001000100000000000000000000000000
00000000000000000011100000010000000100000001000000111000000000000000000000000000
00000000000000000011000001001000000010000000100000011100000000000000000000000000
00000000000000000100010001001000011100000100100001000100000000000000000000000000
00000000000000000111110001000000010000000100000001000000000000000000000000000000
00000000000000000100010001000100010101000110110001000100000000000000000000000000
00000000000000000100010001001100010101000110010001000100000000000000000000000000
00000000000000000011100001000100010001000100010000111000000000000000000000000000
00000000000000000000000000000000000000000000000000000000000000000000000000000000
00000000000000000011010001001000010101000100010000111000000000000000000000000000
00000000000000000100100001010000011110000100010001111000000000000000000000000000
00000000000000000111100000000100011111000100000000111100000000000000000000000000
00000000000000000001000000010000000100000001000001111100000000000000000000000000
00000000000000000011100001000100010001000100010001000100000000000000000000000000
00000000000000000001000000101000010001000100010001000100000000000000000000000000
00000000000000000111100001010100010101000100010001000100000000000000000000000000
00000000000000000100010000101000000100000010100001000100000000000000000000000000
00000000000000000001000000010000000100000010100001000100000000000000000000000000
00000000000000000111110000100000000100000000100001111100000000000000000000000000
00000000000000000000000000000000000000000000000000000000000000000000000000000000
00010000000100000001000000010000000100000001000001010100001110000001000000000000
00000000000000000000000000010000000010001111110000001000000100000000000000000000
00000000000100000011100001010100000100000001000000010000000100000001000000010000
00000000000000000000000000010000001000000111111100100000000100000000000000000000
00000000011111000100010001010100010101000101010001010100111111100111110000010000
00000000011111000100010010010010100100101001001001010100111111100111110000010000
00000000001010000010100000101000000100000111110010010010001110000011100000000000
00000000100000100100010000101000000100001111111000010000001110000011100000000000
00000000001000100010010000101000100100000111110000010010001110000011100000000000
00000000100010000100100000101000000100100111110010010000001110000011100000000000
00000000011111001000001011000110101110101000001010101010100000100111110000000000
00000000011111001000001010111010110001101000001010101010100000100111110000000000
00000000000000000011100000010000111111101111111011111110001110000011100000000000
00000000000000000001000000111000011111001111111001111100001110000001000000000000
00000000000100000011100001111100111111101111111011111110011011000000000000000000
00000000000000000011100000010000111111101111111001111100001110000001000000000000
00000000000000000000000000011000001001000010010000011000000000000000000000000000
00000000000000000000000000011000001111000011110000011000000000000000000000000000
00000000000000000011110001000010010000100100001001000010001111000000000000000000
00000000000000000011110001111110011111100111111001111110001111000000000000000000
10000000100000001000000010000000100000001000000010000000100000001000000010000000
11000000110000001100000011000000110000001100000011000000110000001100000011000000
11100000111000001110000011100000111000001110000011100000111000001110000011100000
11110000111100001111000011110000111100001111000011110000111100001111000011110000
11111000111110001111100011111000111110001111100011111000111110001111100011111000
11111100111111001111110011111100111111001111110011111100111111001111110011111100
11111110111111101111111011111110111111101111111011111110111111101111111011111110
11111111111111111111111111111111111111111111111111111111111111111111111111111111
00000000100000001000000010000000100000001000000010000000100000001000000010000000
00000000110000001100000011000000110000001100000011000000110000001100000011000000
00000000111000001110000011100000111000001110000011100000111000001110000011100000
00000000111100001111000011110000111100001111000011110000111100001111000011110000
00000000111110001111100011111000111110001111100011111000111110001111100011111000
00000000111111001111110011111100111111001111110011111100111111001111110011111100
00000000111111101111111011111110111111101111111011111110111111101111111011111110
00000000111111111111111111111111111111111111111111111111111111111111111111111111
11111111000000000000000000000000000000000000000000000000000000000000000000000000
11111111111111110000000000000000000000000000000000000000000000000000000000000000
11111111111111111111111100000000000000000000000000000000000000000000000000000000
11111111111111111111111111111111000000000000000000000000000000000000000000000000
11111111111111111111111111111111111111110000000000000000000000000000000000000000
11111111111111111111111111111111111111111111111100000000000000000000000000000000
11111111111111111111111111111111111111111111111111111111000000000000000000000000
11111111111111111111111111111111111111111111111111111111111111110000000000000000
11111111111111111111111111111111111111111111111111111111111111111111111100000000
11111111111111111111111111111111111111111111111111111111111111111111111111111111
00000001000000010000011000011000011000000001100000000110000000010000000100000001
10000000100000000110000000011000000001100001100001100000100000001000000010000000
00000000000000000000000000010000000100000010100000101000010001000100010010000011
10000011010001000100010000101000001010000001000000010000000000000000000000000000
00000000000000000000000000000000000000000000000000000000000000000000000000000000
00000000000000000000000000000000000000000000000000000000000000000000000000000000
11111110000000000000000000000000000000000000000000000000000000000000000000000000
11111110111111100000000000000000000000000000000000000000000000000000000000000000
11111110111111101111111000000000000000000000000000000000000000000000000000000000
11111110111111101111111011111110000000000000000000000000000000000000000000000000
11111110111111101111111011111110111111100000000000000000000000000000000000000000
11111110111111101111111011111110111111101111111000000000000000000000000000000000
11111110111111101111111011111110111111101111111011111110000000000000000000000000
11111110111111101111111011111110111111101111111011111110111111100000000000000000
11111110111111101111111011111110111111101111111011111110111111101111111000000000
11111110111111101111111011111110111111101111111011111110111111101111111011111110
00000001000000010000011100011111011111110001111100000111000000010000000100000001
10000000100000001110000011111000111111101111100011100000100000001000000010000000
00000000000000000000000000010000000100000011100000111000011111000111110011111111
11111111011111000111110000111000001110000001000000010000000000000000000000000000
00000000000000000000000000000000000000000000000000000000000000000000000000000000
00000000000000000000000000000000000000000000000000000000000000000000000000000000
00000000000000000000000000000000000000000000000000000000000000000000000000000000
11111111111111111111111111111111111111111111111101111110011111100011110000000000
11110000111111001111111011111110111111111111111111111110111111101111110011110000
00000000001111000111111001111110111111111111111111111111111111111111111111111111
00001111001111110111111101111111111111111111111101111111011111110011111100001111
11111111111111111111111111111111111111111111111111111110111111101111110011110000
11110000111111001111111011111110111111111111111111111111111111111111111111111111
00001111001111110111111101111111111111111111111111111111111111111111111111111111
11111111111111111111111111111111111111111111111101111111011111110011111100001111
11111111111111111111111111111111111111111110011111100111110000111100001110000001
11111111111111101111111011111000111000001110000011111000111111101111111011111111
10000001110000111100001111100111111001111111111111111111111111111111111111111111
11111111011111110111111100011111000001110000011100011111011111110111111111111111
00000000000000000000000000000000000000000000000000000000000000000000000000000000
00000000000000000000000000000000000000000000000000000000000000000000000000000000
00000000000000000000000000000000000000000000000000000000000000000000000000000000
00000000000000000000000000000000000000000000000000000000000000000000000000000000
00000000000000000000000000000000000000000000000000000000000000000000000100000011
00000011000000010000000000000000000000000000000000000000000000000000000000000000
11000000100000000000000000000000000000000000000000000000000000000000000000000000
00000000000000000000000000000000000000000000000000000000000000001000000011000000
00000011000000010000000000000000000000000000000000000000000000000000000100000011
11000000100000000000000000000000000000000000000000000000000000000000000100000011
00000000000000000000000000000000000000000000000000000000000000001000000111000011
11000011100000010000000000000000000000000000000000000000000000000000000000000000
00000011000000010000000000000000000000000000000000000000000000001000000011000000
11000000100000000000000000000000000000000000000000000000000000001000000011000000
11000011100000010000000000000000000000000000000000000000000000000000000100000011
11000011100000010000000000000000000000000000000000000000000000001000000011000000
11000000100000000000000000000000000000000000000000000000000000001000000111000011
00000011000000010000000000000000000000000000000000000000000000001000000111000011
11000011100000010000000000000000000000000000000000000000000000001000000111000011
00000000000000000000000000000000000000000000000000000000000000000000000000000000
00000001000000010000000100000001000000010000000100000001000000010000000111111111
11111111000000010000000100000001000000010000000100000001000000010000000100000001
11111111100000001000000010000000100000001000000010000000100000001000000010000000
10000000100000001000000010000000100000001000000010000000100000001000000011111111
11111111000000000000000000000000000000000000000000000000000000000000000011111111
10000001100000011000000110000001100000011000000110000001100000011000000110000001
11111111000000010000000100000001000000010000000100000001000000010000000111111111
11111111100000011000000110000001100000011000000110000001100000011000000110000001
11111111100000001000000010000000100000001000000010000000100000001000000011111111
10000001100000011000000110000001100000011000000110000001100000011000000111111111
11111111100000011000000110000001100000011000000110000001100000011000000111111111
00000000000000000000000000000000000000000000000000000000000000000000000000000000
00000000000000000000000000000000000000000000000000000000000000000000000000000000
00000000100000001000000001000000001000110001010000001000000010000000000000000000
00000000000000000000100000001000000101000010001101000000100000001000000000000000
00000000000000000011110000000000001111000000000000111100000000000000000000000000
00000000000000000011100001010100011011000101010000111000000000000000000000000000
00000000111111101000001010010010101110101001001010000010111111100000000000000000
00000000111111101000001010000010101110101000001010000010111111100000000000000000
00000000111111101000001010010010101010001000010010000010111110000000000000000000
00000000111111101000001010000010100000101000001010000010111111100000000000000000
00000000111111101000001010101010100100101010101010000010111111100000000000000000
00000000000000000111110001101100010001000110110001111100000000000000000000000000
00000000000000000111110001111100010001000111110001111100000000000000000000000000
00000000000000000011100001101100010001000110110000111000000000000000000000000000
00000000000000000011100001111100010001000111110000111000000000000000000000000000
00000000001110000100010010010010101110101001001001000100001110000000000000000000
00000000001110000100010010000010100000101000001001000100001110000000000000000000
00000000000000000000000000000000000000000000000000000000000000000000000000000000
00000000000000000010000000100000010100001000100000000100000000100000001000000000
00000000000000100000001000000100100010000101000000100000001000000000000000000000
00000000100000001000000001000000001111110000000000000000000000000000000000000000
00000000000000100000001000000100111110000000000000000000000000000000000000000000
00000000000000000000000000000000110001110010100000010000000100000000000000000000
00000000100000001000000001000000001111000000001000000001000000010000000000000000
00000000000000100000001000000100011110001000000000000000000000000000000000000000
00000000000000000000000000000000111111000000001000000001000000010000000000000000
00000000000000000000000000000000011111111000000000000000000000000000000000000000
00000000000000000000000000000000000000000011111101000000100000001000000000000000
00000000000000000000000000000000000000001111100000000100000000100000001000000000
00000000000000000001000000010000001010001100011100000000000000000000000000000000
00000000000000000000000100000001000000100011110001000000100000001000000000000000
00000000000000000000000000000000100000000111100000000100000000100000001000000000
00000000000000000000000100000001000000101111110000000000000000000000000000000000
00000000000000000000000000000000100000000111111100000000000000000000000000000000
00010000000100000000100000000110000010000001000000010000000100000001000001100000
00001000000010000001000001100000000100000000100000001000000010000000100000000110
00010000000100000001000000010000000100000001000000010000000100000001000001100000
00000000011000000001000000010000000100000001000000010000000100000001000000010000
00010000000100000001000000010000000010000000011000001000000100000001000000010000
00000110000010000001000000010000000100000001000000010000000100000001000001100000
00000000011000000001000000010000000100000001000000010000000100000001000000001000
00000110000010000001000000010000000100000001000000010000000100000001000000010000
00010000000100000001000000010000000100000001000000010000000100000001000000001000
00001000000010000000100000001000000010000000100000001000000010000000100000000110
00000000000001100000100000001000000010000000100000001000000010000000100000001000
00001000000010000000100000001000000100000110000000010000000010000000100000001000
01100000000100000000100000001000000010000000100000001000000010000000100000000110
00000000000001100000100000001000000010000000100000001000000010000000100000010000
01100000000100000000100000001000000010000000100000001000000010000000100000001000
00001000000010000000100000001000000010000000100000001000000010000000100000010000
00000000000001100000100000001000000010000000100000010000011000000001000000001000
00000000011000000001000000010000000100000001000000001000000001100000100000010000
10000000100000001000000010000000100000001000000010000000100000001000000010000000
01000000010000000100000001000000010000000100000001000000010000000100000001000000
00100000001000000010000000100000001000000010000000100000001000000010000000100000
00010000000100000001000000010000000100000001000000010000000100000001000000010000
00001000000010000000100000001000000010000000100000001000000010000000100000001000
00000100000001000000010000000100000001000000010000000100000001000000010000000100
00000010000000100000001000000010000000100000001000000010000000100000001000000010
00000001000000010000000100000001000000010000000100000001000000010000000100000001
00000000000000000000000000000000000000000000000000000000000000000000000000000000
00000000000000000000000000000000000000000000000000000000000000000000000000000000
00000000000000000000000000000000000000000000000000000000000000000000000000000000
00000000000000000000000000000000000000000000000000000000000000000000000000000000
00000000000000000000000000000000000000000000000000000000000000000000000000000000
00000000000000000000000000000000000000000000000000000000000000000000000000000000
00000000000000000000000000000000000000000000000000000000000000000000000000000000
00000000000000000000000000000000000000000000000000000000000000000000000000000000
00000000000000000000000000000000000000000000000000000000000000000000000011111111
00000000000000000000000000000000000000000000000000000000000000001111111100000000
00000000000000000000000000000000000000000000000000000000111111110000000000000000
00000000000000000000000000000000000000000000000011111111000000000000000000000000
00000000000000000000000000000000000000001111111100000000000000000000000000000000
00000000000000000000000000000000111111110000000000000000000000000000000000000000
00000000000000000000000011111111000000000000000000000000000000000000000000000000
00000000000000001111111100000000000000000000000000000000000000000000000000000000
00000000111111110000000000000000000000000000000000000000000000000000000000000000
11111111000000000000000000000000000000000000000000000000000000000000000000000000
00000000000000000000000000000000000000000000000000000000000000000000000000000000
00000000000000000000000000000000000000000000000000000000000000000000000000000000
00000000000000000000000000000000000000000000000000000000000000000000000000000000
00000000000000000000000000000000000000000000000000000000000000000000000000000000
00000000000000000000000000000000000000000000000000000000000000000000000000000000
00000000000000000000000000000000000000000000000000000000000000000000000000000000
11110000111000001000000000000000000000000000000000000000000000000000000000000000
11111111111110001100000000000000000000000000000000000000000000000000000000000000
11110000111000001110000011000000110000001000000010000000000000000000000000000000
11111110111111001111100011110000111000001100000010000000000000000000000000000000
11110000111100001110000011100000110000001100000011000000100000001000000010000000
11111111111111101111110011111000111110001111000011100000111000001100000010000000
11111111111111111111111111111111111111111111111111111111011111110001111100001111
11111111111111111111111111111111111111111111111111111111001111110000011100000001
11111111111111111111111101111111011111110011111100111111000111110001111100001111
11111111111111111111111101111111001111110001111100001111000001110000001100000001
11111111011111110111111100111111001111110011111100011111000111110000111100001111
11111111111111111111111101111111000111110000011100000001000000000000000000000000
11111111011111110011111100011111000011110000111100011111001111110111111111111111
11111111111111111111111111111111111111111111111111100111111001111100001110000001
00000000000000000000000000000000000000000000000000000000000000000000000000000000
00000000000000000000000000000000000000000000000000000000000000000000000000000000
00001111000001110000000100000000000000000000000000000000000000000000000000000000
11111111000111110000001100000000000000000000000000000000000000000000000000000000
00001111000001110000011100000011000000110000000100000001000000000000000000000000
01111111001111110001111100001111000001110000001100000001000000000000000000000000
00001111000011110000011100000111000000110000001100000011000000010000000100000001
11111111011111110011111100011111000111110000111100000111000001110000001100000001
11111111111111111111111111111111111111111111111111111111111111101111100011110000
11111111111111111111111111111111111111111111111111111111111111001110000010000000
11111111111111111111111111111110111111101111110011111100111110001111100011110000
11111111111111111111111111111110111111001111100011110000111000001100000010000000
11111111111111101111111011111100111111001111110011111000111110001111000011110000
11111111111111111111111111111110111110001110000010000000000000000000000000000000
11111111111111101111110011111000111100001111000011111000111111001111111011111111
10000001110000111110011111100111111111111111111111111111111111111111111111111111
00000000000000000000000000000000000000000000000000000000000000000000000000000000
00000000000000000000000000000000000000000000000000000000000000000000000000000000
00001111000111110111111111111111111111111111111111111111111111111111111111111111
00000001000001110011111111111111111111111111111111111111111111111111111111111111
00001111000111110001111100111111001111110111111101111111111111111111111111111111
00000000000000000000000000000001000000110000011100001111000111110011111101111111
00001111000011110001111100011111001111110011111100111111011111110111111111111111
00000001000000110000011100000111000011110001111100011111001111110111111111111111
00000000000000000000000000000000000000000000000000000000100000001110000011110000
00000000000000000000000000000000000000000000000000000000110000001111100011111111
00000000000000000000000010000000100000001100000011000000111000001110000011110000
00000000000000000000000010000000110000001110000011110000111110001111110011111110
10000000100000001000000011000000110000001100000011100000111000001111000011110000
00000000000000000000000010000000111000001111100011111110111111111111111111111111
00000000100000001100000011100000111100001111000011100000110000001000000000000000
00000000000000000000000000000000000000000000000000011000000110000011110001111110
00000000000000000000000000000000000000000000000000000000000000000000000000000000
00000000000000000000000000000000000000000000000000000000000000000000000000000000
11110000111110001111111011111111111111111111111111111111111111111111111111111111
10000000111000001111110011111111111111111111111111111111111111111111111111111111
11110000111110001111100011111100111111001111111011111110111111111111111111111111
00000000000000000000000010000000110000001110000011110000111110001111110011111110
11110000111100001111100011111000111111001111110011111100111111101111111011111111
10000000110000001110000011100000111100001111100011111000111111001111111011111111
00000000000000000000000000000000000000000000000000000000000000010000011100001111
00000000000000000000000000000000000000000000000000000000000000110001111111111111
00000000000000000000000000000001000000010000001100000011000001110000011100001111
00000000000000000000000000000001000000110000011100001111000111110011111101111111
00000001000000010000000100000011000000110000001100000111000001110000111100001111
00000000000000000000000000000001000001110001111101111111111111111111111111111111
00000000000000010000001100000111000011110000111100000111000000110000000100000000
01111110001111000001100000011000000000000000000000000000000000000000000000000000
00000000000000000000000000000000000000000000000000000000000000000000000000000000
00000000000000000000000000000000000000000000000000000000000000000000000000000000
00000000000000000000000000000000000000000000000000000000000000000000000000000000
00000000000000000000000000000000000000000000000000000000000000000000000000000000
00000000000000000000000000000000000000000000000000000000000000000000000000000000
00000000000000000000000000000000000000000000000000000000000000000000000000000000
00000000000000000000000000000000000000000000000000000000000000000000000000000000
00000000000000000000000000000000000000000000000000000000000000000000000000000000
00000000000000000000000000000000000000000000000000000000000000000000000000000000
00000000000000000000000000000000000000000000000000000000000000000000000000000000
00000000000000000000000000000000000000000000000000000000000000000000000000000000
00000000000000000000000000000000000000000000000000000000000000000000000000000000
00000000000000000000000000000000000000000000000000000000000000000000000000000000
00000000000000000000000000000000000000000000000000000000000000000000000000000000
00000000000000000000000000000000000000000000000000000000000000000000000000000000
00000000000000000000000000000000000000000000000000000000000000000000000000000000
00000000000000000000000000000000000000000000000000000000000000000000000000000000
00000000000000000000000000000000000000000000000000000000000000000000000000000000
00000000000000000000000000000000000000000000000000000000000000000000000000000000
00000000000000000000000000000000000000000000000000000000000000000000000000000000
00000000000000000000000000000000000000000000000000000000000000000000000000000000
00000000000000000000000000000000000000000000000000000000000000000000000000000000
00000000000000000000000000000000000000000000000000000000000000000000000000000000
00000000000000000000000000000000000000000000000000000000000000000000000000000000
00000000000000000000000000000000000000000000000000000000000000000000000000000000
00000000000000000000000000000000000000000000000000000000000000000000000000000000
00000000000000000000000000000000000000000000000000000000000000000000000000000000
00000000000000000000000000000000000000000000000000000000000000000000000000000000
00000000000000000000000000000000000000000000000000000000000000000000000000000000
00000000000000000000000000000000000000000000000000000000000000000000000000000000
00000000000000000000000000000000000000000000000000000000000000000000000000000000
00000000000000000000000000000000000000000000000000000000000000000000000000000000
00000000000000000000000000000000000000000000000000000000000000000000000000000000
00000000000000000000000000000000000000000000000000000000000000000000000000000000
00000000000000000000000000000000000000000000000000000000000000000000000000000000
00000000000000000000000000000000000000000000000000000000000000000000000000000000
00000000000000000000000000000000000000000000000000000000000000000000000000000000
00000000000000000000000000000000000000000000000000000000000000000000000000000000
00000000000000000000000000000000000000000000000000000000000000000000000000000000
00000000000000000000000000000000000000000000000000000000000000000000000000000000
00000000000000000000000000000000000000000000000000000000000000000000000000000000
00000000000000000000000000000000000000000000000000000000000000000000000000000000
00000000000000000000000000000000000000000000000000000000000000000000000000000000
00000000000000000000000000000000000000000000000000000000000000000000000000000000
00000000000000000000000000000000000000000000000000000000000000000000000000000000
00000000000000000000000000000000000000000000000000000000000000000000000000000000
00000000000000000000000000000000000000000000000000000000000000000000000000000000
00000000000000000000000000000000000000000000000000000000000000000000000000000000
00000000000000000000000000000000000000000000000000000000000000000000000000000000
00000000000000000000000000000000000000000000000000000000000000000000000000000000
00000000000000000000000000000000000000000000000000000000000000000000000000000000
00000000000000000000000000000000000000000000000000000000000000000000000000000000
00000000000000000000000000000000000000000000000000000000000000000000000000000000
00000000000000000000000000000000000000000000000000000000000000000000000000000000
00000000000000000000000000000000000000000000000000000000000000000000000000000000
00000000000000000000000000000000000000000000000000000000000000000000000000000000
00000000000000000000000000000000000000000000000000000000000000000000000000000000
00000000000000000000000000000000000000000000000000000000000000000000000000000000
00000000000000000000000000000000000000000000000000000000000000000000000000000000
00000000000000000000000000000000000000000000000000000000000000000000000000000000
00000000000000000000000000000000000000000000000000000000000000000000000000000000
00000000000000000000000000000000000000000000000000000000000000000000000000000000
00000000000000000000000000000000000000000000000000000000000000000000000000000000
00000000000000000000000000000000000000000000000000000000000000000000000000000000
00000000000000000000000000000000000000000000000000000000000000000000000000000000
00000000000000000000000000000000000000000000000000000000000000000000000000000000
00000000000000000000000000000000000000000000000000000000000000000000000000000000
00000000000000000000000000000000000000000000000000000000000000000000000000000000
00000000000000000000000000000000000000000000000000000000000000000000000000000000
00000000000000000000000000000000000000000000000000000000000000000000000000000000
00000000000000000000000000000000000000000000000000000000000000000000000000000000
00000000000000000000000000000000000000000000000000000000000000000000000000000000
00000000000000000000000000000000000000000000000000000000000000000000000000000000
00000000000000000000000000000000000000000000000000000000000000000000000000000000
00000000000000000000000000000000000000000000000000000000000000000000000000000000
00000000000000000000000000000000000000000000000000000000000000000000000000000000
00000000000000000000000000000000000000000000000000000000000000000000000000000000
00000000000000000000000000000000000000000000000000000000000000000000000000000000
00000000000000000000000000000000000000000000000000000000000000000000000000000000
00000000000000000000000000000000000000000000000000000000000000000000000000000000
00000000000000000000000000000000000000000000000000000000000000000000000000000000
00000000000000000000000000000000000000000000000000000000000000000000000000000000
00000000000000000000000000000000000000000000000000000000000000000000000000000000
00000000000000000000000000000000000000000000000000000000000000000000000000000000
00000000000000000000000000000000000000000000000000000000000000000000000000000000
00000000000000000000000000000000000000000000000000000000000000000000000000000000
00000000000000000000000000000000000000000000000000000000000000000000000000000000
00000000000000000000000000000000000000000000000000000000000000000000000000000000
00000000000000000000000000000000000000000000000000000000000000000000000000000000
00000000000000000000000000000000000000000000000000000000000000000000000000000000
00000000000000000000000000000000000000000000000000000000000000000000000000000000
00000000000000000000000000000000000000000000000000000000000000000000000000000000
00000000000000000000000000000000000000000000000000000000000000000000000000000000
00000000000000000000000000000000000000000000000000000000000000000000000000000000
00000000000000000000000000000000000000000000000000000000000000000000000000000000
00000000000000000000000000000000000000000000000000000000000000000000000000000000
00000000000000000000000000000000000000000000000000000000000000000000000000000000
00000000000000000000000000000000000000000000000000000000000000000000000000000000
00000000000000000000000000000000000000000000000000000000000000000000000000000000
00000000000000000000000000000000000000000000000000000000000000000000000000000000
00000000000000000000000000000000000000000000000000000000000000000000000000000000
00000000000000000000000000000000000000000000000000000000000000000000000000000000
00000000000000000000000000000000000000000000000000000000000000000000000000000000
00000000000000000000000000000000000000000000000000000000000000000000000000000000
00000000000000000000000000000000000000000000000000000000000000000000000000000000
00000000000000000000000000000000000000000000000000000000000000000000000000000000
00000000000000000000000000000000000000000000000000000000000000000000000000000000
00000000000000000000000000000000000000000000000000000000000000000000000000000000
00000000000000000000000000000000000000000000000000000000000000000000000000000000
00000000000000000000000000000000000000000000000000000000000000000000000000000000
00000000000000000000000000000000000000000000000000000000000000000000000000000000
00000000000000000000000000000000000000000000000000000000000000000000000000000000
00000000000000000000000000000000000000000000000000000000000000000000000000000000
00000000000000000000000000000000000000000000000000000000000000000000000000000000
00000000000000000000000000000000000000000000000000000000000000000000000000000000
00000000000000000000000000000000000000000000000000000000000000000000000000000000
00000000000000000000000000000000000000000000000000000000000000000000000000000000
00000000000000000000000000000000000000000000000000000000000000000000000000000000
00000000000000000000000000000000000000000000000000000000000000000000000000000000
00000000000000000000000000000000000000000000000000000000000000000000000000000000
00000000000000000000000000000000000000000000000000000000000000000000000000000000
00000000000000000000000000000000000000000000000000000000000000000000000000000000
00000000000000000000000000000000000000000000000000000000000000000000000000000000
00000000000000000000000000000000000000000000000000000000000000000000000000000000
00000000000000000000000000000000000000000000000000000000000000000000000000000000
00000000000000000000000000000000000000000000000000000000000000000000000000000000
00000000000000000000000000000000000000000000000000000000000000000000000000000000
00000000000000000000000000000000000000000000000000000000000000000000000000000000
00000000000000000000000000000000000000000000000000000000000000000000000000000000
00000000000000000000000000000000000000000000000000000000000000000000000000000000
00000000000000000000000000000000000000000000000000000000000000000000000000000000
00000000000000000000000000000000000000000000000000000000000000000000000000000000
00000000000000000000000000000000000000000000000000000000000000000000000000000000
00000000000000000000000000000000000000000000000000000000000000000000000000000000
00000000000000000000000000000000000000000000000000000000000000000000000000000000
00000000000000000000000000000000000000000000000000000000000000000000000000000000
00000000000000000000000000000000000000000000000000000000000000000000000000000000
00000000000000000000000000000000000000000000000000000000000000000000000000000000
00000000000000000000000000000000000000000000000000000000000000000000000000000000
00000000000000000000000000000000000000000000000000000000000000000000000000000000
00000000000000000000000000000000000000000000000000000000000000000000000000000000
00000000000000000000000000000000000000000000000000000000000000000000000000000000
00000000000000000000000000000000000000000000000000000000000000000000000000000000
00000000000000000000000000000000000000000000000000000000000000000000000000000000
00000000000000000000000000000000000000000000000000000000000000000000000000000000
00000000000000000000000000000000000000000000000000000000000000000000000000000000
00000000000000000000000000000000000000000000000000000000000000000000000000000000
00000000000000000000000000000000000000000000000000000000000000000000000000000000
00000000000000000000000000000000000000000000000000000000000000000000000000000000
00000000000000000000000000000000000000000000000000000000000000000000000000000000
00000000000000000000000000000000000000000000000000000000000000000000000000000000
00000000000000000000000000000000000000000000000000000000000000000000000000000000
00000000000000000000000000000000000000000000000000000000000000000000000000000000
00000000000000000000000000000000000000000000000000000000000000000000000000000000
00000000000000000000000000000000000000000000000000000000000000000000000000000000
00000000000000000000000000000000000000000000000000000000000000000000000000000000
00000000000000000000000000000000000000000000000000000000000000000000000000000000
00000000000000000000000000000000000000000000000000000000000000000000000000000000
00000000000000000000000000000000000000000000000000000000000000000000000000000000
00000000000000000000000000000000000000000000000000000000000000000000000000000000
00000000000000000000000000000000000000000000000000000000000000000000000000000000
00000000000000000000000000000000000000000000000000000000000000000000000000000000
00000000000000000000000000000000000000000000000000000000000000000000000000000000
00000000000000000000000000000000000000000000000000000000000000000000000000000000
00000000000000000000000000000000000000000000000000000000000000000000000000000000
00000000000000000000000000000000000000000000000000000000000000000000000000000000
00000000000000000000000000000000000000000000000000000000000000000000000000000000
00000000000000000000000000000000000000000000000000000000000000000000000000000000
00000000000000000000000000000000000000000000000000000000000000000000000000000000
00000000000000000000000000000000000000000000000000000000000000000000000000000000
00000000000000000000000000000000000000000000000000000000000000000000000000000000
00000000000000000000000000000000000000000000000000000000000000000000000000000000
00000000000000000000000000000000000000000000000000000000000000000000000000000000
00000000000000000000000000000000000000000000000000000000000000000000000000000000
00000000000000000000000000000000000000000000000000000000000000000000000000000000
00000000000000000000000000000000000000000000000000000000000000000000000000000000
00000000000000000000000000000000000000000000000000000000000000000000000000000000
00000000000000000000000000000000000000000000000000000000000000000000000000000000
00000000000000000000000000000000000000000000000000000000000000000000000000000000
00000000000000000000000000000000000000000000000000000000000000000000000000000000
00000000000000000000000000000000000000000000000000000000000000000000000000000000
00000000000000000000000000000000000000000000000000000000000000000000000000000000
00000000000000000000000000000000000000000000000000000000000000000000000000000000
00000000000000000000000000000000000000000000000000000000000000000000000000000000
00000000000000000000000000000000000000000000000000000000000000000000000000000000
00000000000000000000000000000000000000000000000000000000000000000000000000000000
00000000000000000000000000000000000000000000000000000000000000000000000000000000
00000000000000000000000000000000000000000000000000000000000000000000000000000000
00000000000000000000000000000000000000000000000000000000000000000000000000000000
00000000000000000000000000000000000000000000000000000000000000000000000000000000
00000000000000000000000000000000000000000000000000000000000000000000000000000000
00000000000000000000000000000000000000000000000000000000000000000000000000000000
00000000000000000000000000000000000000000000000000000000000000000000000000000000
00000000000000000000000000000000000000000000000000000000000000000000000000000000
00000000000000000000000000000000000000000000000000000000000000000000000000000000
00000000000000000000000000000000000000000000000000000000000000000000000000000000
00000000000000000000000000000000000000000000000000000000000000000000000000000000
00000000000000000000000000000000000000000000000000000000000000000000000000000000
00000000000000000000000000000000000000000000000000000000000000000000000000000000
00000000000000000000000000000000000000000000000000000000000000000000000000000000
00000000000000000000000000000000000000000000000000000000000000000000000000000000
00000000000000000000000000000000000000000000000000000000000000000000000000000000
00000000000000000000000000000000000000000000000000000000000000000000000000000000
00000000000000000000000000000000000000000000000000000000000000000000000000000000
00000000000000000000000000000000000000000000000000000000000000000000000000000000
00000000000000000000000000000000000000000000000000000000000000000000000000000000
00000000000000000000000000000000000000000000000000000000000000000000000000000000
00000000000000000000000000000000000000000000000000000000000000000000000000000000
00000000000000000000000000000000000000000000000000000000000000000000000000000000
00000000000000000000000000000000000000000000000000000000000000000000000000000000
00000000000000000000000000000000000000000000000000000000000000000000000000000000
00000000000000000000000000000000000000000000000000000000000000000000000000000000
00000000000000000000000000000000000000000000000000000000000000000000000000000000
00000000000000000000000000000000000000000000000000000000000000000000000000000000
00000000000000000000000000000000000000000000000000000000000000000000000000000000
00000000000000000000000000000000000000000000000000000000000000000000000000000000
00000000000000000000000000000000000000000000000000000000000000000000000000000000
00000000000000000000000000000000000000000000000000000000000000000000000000000000
00000000000000000000000000000000000000000000000000000000000000000000000000000000
00000000000000000000000000000000000000000000000000000000000000000000000000000000
00000000000000000000000000000000000000000000000000000000000000000000000000000000
00000000000000000000000000000000000000000000000000000000000000000000000000000000
00000000000000000000000000000000000000000000000000000000000000000000000000000000
00000000000000000000000000000000000000000000000000000000000000000000000000000000
00000000000000000000000000000000000000000000000000000000000000000000000000000000
00000000000000000000000000000000000000000000000000000000000000000000000000000000
00000000000000000000000000000000000000000000000000000000000000000000000000000000
00000000000000000000000000000000000000000000000000000000000000000000000000000000
00000000000000000000000000000000000000000000000000000000000000000000000000000000
00000000000000000000000000000000000000000000000000000000000000000000000000000000
00000000000000000000000000000000000000000000000000000000000000000000000000000000
00000000000000000000000000000000000000000000000000000000000000000000000000000000
00000000000000000000000000000000000000000000000000000000000000000000000000000000
00000000000000000000000000000000000000000000000000000000000000000000000000000000
00000000000000000000000000000000000000000000000000000000000000000000000000000000
00000000000000000000000000000000000000000000000000000000000000000000000000000000
00000000000000000000000000000000000000000000000000000000000000000000000000000000
00000000000000000000000000000000000000000000000000000000000000000000000000000000
00000000000000000000000000000000000000000000000000000000000000000000000000000000
00000000000000000000000000000000000000000000000000000000000000000000000000000000
00000000000000000000000000000000000000000000000000000000000000000000000000000000
00000000000000000000000000000000000000000000000000000000000000000000000000000000
00000000000000000000000000000000000000000000000000000000000000000000000000000000
00000000000000000000000000000000000000000000000000000000000000000000000000000000
00000000000000000000000000000000000000000000000000000000000000000000000000000000
00000000000000000000000000000000000000000000000000000000000000000000000000000000
00000000000000000000000000000000000000000000000000000000000000000000000000000000
00000000000000000000000000000000000000000000000000000000000000000000000000000000
00000000000000000000000000000000000000000000000000000000000000000000000000000000
00000000000000000000000000000000000000000000000000000000000000000000000000000000
00000000000000000000000000000000000000000000000000000000000000000000000000000000
00000000000000000000000000000000000000000000000000000000000000000000000000000000
00000000000000000000000000000000000000000000000000000000000000000000000000000000
00000000000000000000000000000000000000000000000000000000000000000000000000000000
00000000000000000000000000000000000000000000000000000000000000000000000000000000
00000000000000000000000000000000000000000000000000000000000000000000000000000000
00000000000000000000000000000000000000000000000000000000000000000000000000000000
00000000000000000000000000000000000000000000000000000000000000000000000000000000
00000000000000000000000000000000000000000000000000000000000000000000000000000000
00000000000000000000000000000000000000000000000000000000000000000000000000000000
00000000000000000000000000000000000000000000000000000000000000000000000000000000
00000000000000000000000000000000000000000000000000000000000000000000000000000000
00000000000000000000000000000000000000000000000000000000000000000000000000000000
00000000000000000000000000000000000000000000000000000000000000000000000000000000
00000000000000000000000000000000000000000000000000000000000000000000000000000000
00000000000000000000000000000000000000000000000000000000000000000000000000000000
00000000000000000000000000000000000000000000000000000000000000000000000000000000
00000000000000000000000000000000000000000000000000000000000000000000000000000000
00000000000000000000000000000000000000000000000000000000000000000000000000000000
00000000000000000000000000000000000000000000000000000000000000000000000000000000
00000000000000000000000000000000000000000000000000000000000000000000000000000000
00000000000000000000000000000000000000000000000000000000000000000000000000000000
00000000000000000000000000000000000000000000000000000000000000000000000000000000
00000000000000000000000000000000000000000000000000000000000000000000000000000000
00000000000000000000000000000000000000000000000000000000000000000000000000000000
00000000000000000000000000000000000000000000000000000000000000000000000000000000
00000000000000000000000000000000000000000000000000000000000000000000000000000000
00000000000000000000000000000000000000000000000000000000000000000000000000000000
00000000000000000000000000000000000000000000000000000000000000000000000000000000
00000000000000000000000000000000000000000000000000000000000000000000000000000000
00000000000000000000000000000000000000000000000000000000000000000000000000000000
00000000000000000000000000000000000000000000000000000000000000000000000000000000
00000000000000000000000000000000000000000000000000000000000000000000000000000000
00000000000000000000000000000000000000000000000000000000000000000000000000000000
00000000000000000000000000000000000000000000000000000000000000000000000000000000
00000000000000000000000000000000000000000000000000000000000000000000000000000000
00000000000000000000000000000000000000000000000000000000000000000000000000000000
00000000000000000000000000000000000000000000000000000000000000000000000000000000
00000000000000000000000000000000000000000000000000000000000000000000000000000000
00000000000000000000000000000000000000000000000000000000000000000000000000000000
00000000000000000000000000000000000000000000000000000000000000000000000000000000
00000000000000000000000000000000000000000000000000000000000000000000000000000000
00000000000000000000000000000000000000000000000000000000000000000000000000000000
00000000000000000000000000000000000000000000000000000000000000000000000000000000
00000000000000000000000000000000000000000000000000000000000000000000000000000000
00000000000000000000000000000000000000000000000000000000000000000000000000000000
00000000000000000000000000000000000000000000000000000000000000000000000000000000
00000000000000000000000000000000000000000000000000000000000000000000000000000000
00000000000000000000000000000000000000000000000000000000000000000000000000000000
00000000000000000000000000000000000000000000000000000000000000000000000000000000
00000000000000000000000000000000000000000000000000000000000000000000000000000000
00000000000000000000000000000000000000000000000000000000000000000000000000000000
00000000000000000000000000000000000000000000000000000000000000000000000000000000
00000000000000000000000000000000000000000000000000000000000000000000000000000000
00000000000000000000000000000000000000000000000000000000000000000000000000000000
00000000000000000000000000000000000000000000000000000000000000000000000000000000
00000000000000000000000000000000000000000000000000000000000000000000000000000000
00000000000000000000000000000000000000000000000000000000000000000000000000000000
00000000000000000000000000000000000000000000000000000000000000000000000000000000
00000000000000000000000000000000000000000000000000000000000000000000000000000000
00000000000000000000000000000000000000000000000000000000000000000000000000000000
00000000000000000000000000000000000000000000000000000000000000000000000000000000
00000000000000000000000000000000000000000000000000000000000000000000000000000000
00000000000000000000000000000000000000000000000000000000000000000000000000000000
00000000000000000000000000000000000000000000000000000000000000000000000000000000
00000000000000000000000000000000000000000000000000000000000000000000000000000000
00000000000000000000000000000000000000000000000000000000000000000000000000000000
00000000000000000000000000000000000000000000000000000000000000000000000000000000
00000000000000000000000000000000000000000000000000000000000000000000000000000000
00000000000000000000000000000000000000000000000000000000000000000000000000000000
00000000000000000000000000000000000000000000000000000000000000000000000000000000
00000000000000000000000000000000000000000000000000000000000000000000000000000000
00000000000000000000000000000000000000000000000000000000000000000000000000000000
00000000000000000000000000000000000000000000000000000000000000000000000000000000
00000000000000000000000000000000000000000000000000000000000000000000000000000000
00000000000000000000000000000000000000000000000000000000000000000000000000000000
00000000000000000000000000000000000000000000000000000000000000000000000000000000
00000000000000000000000000000000000000000000000000000000000000000000000000000000
00000000000000000000000000000000000000000000000000000000000000000000000000000000
00000000000000000000000000000000000000000000000000000000000000000000000000000000
00000000000000000000000000000000000000000000000000000000000000000000000000000000
00000000000000000000000000000000000000000000000000000000000000000000000000000000
00000000000000000000000000000000000000000000000000000000000000000000000000000000
00000000000000000000000000000000000000000000000000000000000000000000000000000000
00000000000000000000000000000000000000000000000000000000000000000000000000000000
00000000000000000000000000000000000000000000000000000000000000000000000000000000
00000000000000000000000000000000000000000000000000000000000000000000000000000000
00000000000000000000000000000000000000000000000000000000000000000000000000000000
00000000000000000000000000000000000000000000000000000000000000000000000000000000
00000000000000000000000000000000000000000000000000000000000000000000000000000000
00000000000000000000000000000000000000000000000000000000000000000000000000000000
00000000000000000000000000000000000000000000000000000000000000000000000000000000
00000000000000000000000000000000000000000000000000000000000000000000000000000000
00000000000000000000000000000000000000000000000000000000000000000000000000000000
00000000000000000000000000000000000000000000000000000000000000000000000000000000
00000000000000000000000000000000000000000000000000000000000000000000000000000000
00000000000000000000000000000000000000000000000000000000000000000000000000000000
00000000000000000000000000000000000000000000000000000000000000000000000000000000
00000000000000000000000000000000000000000000000000000000000000000000000000000000
00000000000000000000000000000000000000000000000000000000000000000000000000000000
00000000000000000000000000000000000000000000000000000000000000000000000000000000
00000000000000000000000000000000000000000000000000000000000000000000000000000000
00000000000000000000000000000000000000000000000000000000000000000000000000000000
00000000000000000000000000000000000000000000000000000000000000000000000000000000
00000000000000000000000000000000000000000000000000000000000000000000000000000000
00000000000000000000000000000000000000000000000000000000000000000000000000000000
00000000000000000000000000000000000000000000000000000000000000000000000000000000
00000000000000000000000000000000000000000000000000000000000000000000000000000000
00000000000000000000000000000000000000000000000000000000000000000000000000000000
00000000000000000000000000000000000000000000000000000000000000000000000000000000
00000000000000000000000000000000000000000000000000000000000000000000000000000000
00000000000000000000000000000000000000000000000000000000000000000000000000000000
00000000000000000000000000000000000000000000000000000000000000000000000000000000
00000000000000000000000000000000000000000000000000000000000000000000000000000000
00000000000000000000000000000000000000000000000000000000000000000000000000000000
00000000000000000000000000000000000000000000000000000000000000000000000000000000
00000000000000000000000000000000000000000000000000000000000000000000000000000000
00000000000000000000000000000000000000000000000000000000000000000000000000000000
00000000000000000000000000000000000000000000000000000000000000000000000000000000
00000000000000000000000000000000000000000000000000000000000000000000000000000000
00000000000000000000000000000000000000000000000000000000000000000000000000000000
00000000000000000000000000000000000000000000000000000000000000000000000000000000
00000000000000000000000000000000000000000000000000000000000000000000000000000000
00000000000000000000000000000000000000000000000000000000000000000000000000000000
00000000000000000000000000000000000000000000000000000000000000000000000000000000
00000000000000000000000000000000000000000000000000000000000000000000000000000000
00000000000000000000000000000000000000000000000000000000000000000000000000000000
00000000000000000000000000000000000000000000000000000000000000000000000000000000
00000000000000000000000000000000000000000000000000000000000000000000000000000000
00000000000000000000000000000000000000000000000000000000000000000000000000000000
00000000000000000000000000000000000000000000000000000000000000000000000000000000
00000000000000000000000000000000000000000000000000000000000000000000000000000000
00000000000000000000000000000000000000000000000000000000000000000000000000000000
00000000000000000000000000000000000000000000000000000000000000000000000000000000
00000000000000000000000000000000000000000000000000000000000000000000000000000000
00000000000000000000000000000000000000000000000000000000000000000000000000000000
00000000000000000000000000000000000000000000000000000000000000000000000000000000
00000000000000000000000000000000000000000000000000000000000000000000000000000000
00000000000000000000000000000000000000000000000000000000000000000000000000000000
00000000000000000000000000000000000000000000000000000000000000000000000000000000
00000000000000000000000000000000000000000000000000000000000000000000000000000000
00000000000000000000000000000000000000000000000000000000000000000000000000000000
00000000000000000000000000000000000000000000000000000000000000000000000000000000
00000000000000000000000000000000000000000000000000000000000000000000000000000000
00000000000000000000000000000000000000000000000000000000000000000000000000000000
00000000000000000000000000000000000000000000000000000000000000000000000000000000
00000000000000000000000000000000000000000000000000000000000000000000000000000000
00000000000000000000000000000000000000000000000000000000000000000000000000000000
00000000000000000000000000000000000000000000000000000000000000000000000000000000
00000000000000000000000000000000000000000000000000000000000000000000000000000000
00000000000000000000000000000000000000000000000000000000000000000000000000000000
00000000000000000000000000000000000000000000000000000000000000000000000000000000
00000000000000000000000000000000000000000000000000000000000000000000000000000000
00000000000000000000000000000000000000000000000000000000000000000000000000000000
00000000000000000000000000000000000000000000000000000000000000000000000000000000
00000000000000000000000000000000000000000000000000000000000000000000000000000000
00000000000000000000000000000000000000000000000000000000000000000000000000000000
00000000000000000000000000000000000000000000000000000000000000000000000000000000
00000000000000000000000000000000000000000000000000000000000000000000000000000000
00000000000000000000000000000000000000000000000000000000000000000000000000000000
00000000000000000000000000000000000000000000000000000000000000000000000000000000
00000000000000000000000000000000000000000000000000000000000000000000000000000000
00000000000000000000000000000000000000000000000000000000000000000000000000000000
00000000000000000000000000000000000000000000000000000000000000000000000000000000
00000000000000000000000000000000000000000000000000000000000000000000000000000000
00000000000000000000000000000000000000000000000000000000000000000000000000000000
00000000000000000000000000000000000000000000000000000000000000000000000000000000
00000000000000000000000000000000000000000000000000000000000000000000000000000000
